028722
478682
438428
538581
443540
350057
773062
655487
339628
020270
467291
259689
118745
156786
837551
157423
710031
320041
023838
475967
143361
263323
308034
665053
109591
014680
457077
860910
139863
296992
035459
662288
268429
019963
343079
742138
527389
805563
328575
850770
132150
211850
805143
515386
117613
009256
170274
404129
569639
511374
150401
588809
060574
903380
555341
365902
045130
791810
911444
594577
877449
600441
582804
677561
286755
967056
029301
802377
808231
195227
733731
114363
049330
720004
753602
623573
212552
488152
223071
174456
368224
852977
635295
193257
351927
855071
171677
866380
266344
028245
239159
047011
145858
158696
419254
380611
851386
086763
767177
356711
516838
663806
037359
214967
698805
470627
952618
159999
871554
927542
084348
785738
376075
489921
481960
174734
757754
308857
763740
555131
680871
955436
477265
269779
946734
645145
166092
384807
594510
441730
002096
140239
851453
741099
485656
286703
243376
456511
646394
557250
066443
188123
370361
368523
445033
383967
664613
508520
915853
712883
583057
592070
686836
187362
279469
655286
417978
718571
869744
762261
751191
118591
269972
693365
672502
567590
689882
440182
730126
748671
503182
862498
785088
479153
106970
612727
178394
436233
766799
893767
733369
884961
692313
114425
225972
492633
235268
361612
213823
982065
514622
082384
784054
397015
003675
505177
011277
312514
065468
062621
469653
788327
983062
496806
646534
104614
989501
631171
007603
438973
810857
012121
675707
938753
254765
465964
352026
137116
351792
430079
835412
164354
715680
896566
814046
885968
513717
544656
529459
045970
030937
127238
571336
501610
332642
358249
805641
262907
366955
687362
242077
799238
592371
848011
682352
619295
719773
003764
408689
357462
126235
376593
100572
021466
543110
749761
451764
428151
253973
807680
915970
389794
337988
486951
619344
010787
778256
780594
414032
650584
662469
196811
504362
101562
755494
557669
255809
909862
227703
572640
696359
715669
650914
128088
276552
341658
996497
553847
240960
129450
474029
409978
944693
135827
485992
437850
890007
331425
813519
594855
530955
819714
039237
791611
552536
416236
083383
499394
189638
625004
073618
899342
044948
855207
157023
315110
522097
042074
685736
759660
072443
426558
024382
697010
950086
363770
710086
945601
106109
783766
672878
090184
828416
876308
396767
042650
427643
995249
556697
883407
148978
289964
983918
568785
559290
587419
861409
206548
002356
081897
777984
230435
165626
988357
324740
483431
047574
491758
368776
620578
553419
848069
724734
721743
237211
435873
634879
359541
181309
928188
845374
092953
623423
676268
511731
549987
861901
996110
531470
759678
760103
944104
797622
894365
730275
964254
815224
482664
538582
839006
894663
836640
905325
346388
503453
510966
210162
290353
335119
123654
935214
366595
051417
589046
067564
223463
941367
831024
611874
274879
807943
460470
268517
477514
513405
590411
334640
814928
056146
155433
321909
451770
549654
958166
975423
102294
047728
592130
139566
358361
044268
276639
160550
869796
880532
248416
294293
972438
958263
340237
325612
484138
477373
457233
664525
641423
383854
492003
460805
192495
127188
677534
109476
220463
991213
592817
068197
457121
770938
679550
036844
991810
426967
454790
265416
539960
857248
572862
809451
087424
416200
648085
794900
482106
473262
472159
166189
391046
322786
547269
593399
240517
578990
815797
581642
161835
549701
123869
868002
359807
152451
678361
879801
924033
033549
275087
172517
437611
862463
481300
584201
837816
485631
749683
272041
484160
639673
379978
125045
538533
620980
751043
243855
153331
832700
536517
084622
666658
938817
157560
447895
401628
783387
338378
446434
946062
374288
472644
093444
092704
109161
274145
206265
475680
303764
182065
409966
755443
008318
850674
950910
730145
552174
299763
239473
132747
775375
621592
981975
811635
729566
367149
637051
289876
114872
260250
272698
040665
165981
376461
335876
981939
818712
211551
931306
259515
482780
221391
097674
849171
408872
256075
215611
586138
367952
778743
869034
151884
125735
128542
326361
606836
776995
430273
273914
465081
712997
750792
952476
754431
895893
270623
531560
143769
797559
761292
818927
701725
706868
724109
545498
417898
101817
590195
011571
718284
217892
944396
869547
950593
408685
912237
117198
037291
921237
493604
578200
197406
872021
922334
607054
586054
912529
986797
593691
127043
993703
404386
882832
368517
498102
720842
877307
076151
562237
218164
632926
538944
292261
137457
996070
020629
495810
711213
407042
209406
429463
467432
154322
770526
311033
745046
762284
128686
354608
624979
408539
499842
106693
655059
983010
865782
221263
300709
226787
037215
649431
457422
981287
544501
344080
704790
835869
964633
538593
811953
309590
681528
622232
609976
807313
441677
716001
228905
561233
204279
453469
541533
336606
870699
782195
106595
387664
904982
972024
204584
334678
522640
008416
329463
489460
518744
402940
771181
185050
445450
059081
604003
257170
208383
787131
276857
713735
734675
836409
294267
734439
056032
819088
186757
264396
331482
310933
828190
562538
548854
885824
706378
445509
574142
985027
594228
534530
176838
228210
432663
265981
474080
507015
552611
571363
631635
310818
401979
636982
049219
963821
659240
512597
448822
218930
042806
349704
218875
110200
608908
289280
505934
359573
968918
448563
184143
447310
215316
252337
490966
911930
475363
056563
801965
623931
640829
715874
510983
133792
773414
729386
689912
274254
078893
769561
209518
426494
005137
456350
196135
376194
697722
442379
446862
579367
581452
494383
479756
684930
172196
729999
697952
995141
131984
620535
493379
116175
458903
529524
239738
057749
209816
224831
315793
538010
880315
538509
345729
431000
778718
838948
190015
083755
408793
657363
518571
325705
320836
850870
429387
774293
271433
844589
813460
446942
375495
590348
277869
931872
137910
182868
632672
961400
723940
902161
812242
937956
498834
393988
890770
390087
196863
807743
364023
048166
909078
582083
124203
275245
381491
958508
152224
872106
219497
643142
454222
243000
988000
173223
787660
913288
756959
401966
267617
241342
020936
112950
676194
419741
768339
505566
470871
659246
510553
033188
219068
712734
155230
782712
559277
279715
674877
832155
473620
712979
045405
897048
018109
192978
456913
134233
557319
341894
086282
103014
184448
027348
440507
709600
769410
485150
720055
592305
206183
577591
440546
176049
783308
307729
252199
532925
221655
142275
579871
491068
000858
567151
000191
518159
619435
445423
832922
013584
062843
939784
564345
487410
792472
301477
447795
843274
264338
615198
586444
690131
876156
731606
678266
350227
815557
915861
166401
489904
863514
804674
173446
580775
719770
843067
290130
822349
194572
736076
155513
530742
278538
244408
975159
949244
556769
780090
863933
845829
973558
993889
446853
615823
028786
729342
865450
360424
228016
393688
881202
915297
382681
541525
368624
435963
267421
368170
195536
484934
312483
694549
465601
339217
056837
912695
951828
893670
700566
888955
443557
421516
238485
601317
025491
298252
080793
470793
534588
735134
271091
159358
548162
588529
430388
658429
532473
588282
370141
784186
077217
893888
328319
025834
093016
402445
609931
018866
838034
426948
135969
002115
887785
601237
031456
908554
110347
432944
443080
384863
203731
941201
224875
286512
228786
304545
884086
270670
817092
204880
989594
559099
791422
199927
630434
775067
099909
261896
021120
543176
620320
143924
124703
217277
547603
876138
268898
932029
085339
878898
980439
967001
504796
578478
016496
515867
992579
546795
050463
637112
534587
006133
141872
242916
536412
267864
823159
967322
371913
064798
292905
249771
769237
865231
963249
804767
965115
028859
207620
586863
457201
402456
926392
297278
103879
008424
645314
699560
190387
557727
100816
102850
382960
977110
146871
199324
798826
295082
416107
434780
882813
408236
609876
187742
806836
612552
053273
765007
468829
767897
791843
801498
466099
716044
006597
163254
608939
102354
255555
960589
327006
114770
915138
456999
659513
244870
548025
055734
225796
624868
128142
972687
749973
594737
130676
554663
099896
366055
496626
104798
554534
972362
530233
989240
267700
228123
932853
325940
504812
543082
712692
370264
711378
862255
417405
376093
081119
921110
218675
335063
544926
993316
977197
276586
403388
849672
125858
375442
047240
846386
188991
083650
893964
282152
397303
324462
832241
521641
121289
918811
399916
848433
625846
845369
516484
162667
221481
813986
376009
264149
330809
613508
794168
230056
434279
215315
298939
272056
002552
943665
255410
634573
176583
079410
297976
662025
853803
365279
505562
640244
300110
815396
611165
864974
967299
360800
117563
062610
165831
195763
393154
560527
592636
523709
742145
409953
063076
768343
644253
528561
433251
716504
138029
981222
048123
522371
958586
732818
277247
722889
482187
038017
308722
338221
344854
677537
655116
218140
243238
031633
644830
902455
465758
802633
495367
054431
624529
676799
753935
511760
942959
962341
264134
580824
825558
333658
375381
987013
854322
162842
129120
265129
716680
896251
475755
469028
351554
945802
739821
662535
397697
028122
097739
470124
626243
341240
964453
161641
716720
285618
264762
608773
546242
387148
982049
679201
059402
380410
932038
761199
964199
559200
112961
023364
199402
910417
626144
392525
918141
106302
866732
123105
503556
446837
511615
839306
947250
928838
816310
467594
748323
572108
471014
546773
876218
139301
885509
623397
232494
629966
366754
528321
776525
145748
199911
201117
169514
700416
900653
477070
286694
262890
733654
875039
506543
518521
445770
305660
662776
417033
458274
458194
689758
309305
854545
960301
431671
546483
761283
249667
137196
829411
849752
109497
761158
184586
437945
099049
212174
706523
486170
154693
043064
734883
606089
636734
459760
564243
008174
009044
187129
866194
986281
761948
351922
546428
298785
109727
797022
571934
022303
060350
060693
192466
024101
490792
699818
664067
139928
909672
166791
945483
427753
394823
499969
524747
343460
131911
147855
767292
824556
786203
196767
443792
581650
529151
800028
400944
542656
847507
127706
434946
985546
402545
045989
018518
448212
040647
137051
484585
939832
384073
850915
751896
749927
386109
303288
456594
191016
044892
276233
053157
841077
594963
679268
588595
255719
809810
192814
649490
785987
620835
084664
442070
447635
829456
352427
627456
535449
744680
586780
601213
968711
756615
818020
169916
487660
622866
446529
730583
504773
848890
193689
485843
204450
450685
365637
440648
088978
268124
819406
624147
151684
699520
981596
818036
924193
933507
867450
289118
704245
872984
593612
609953
874144
651093
689983
152173
824812
303020
829193
756107
642216
148103
927407
174929
778210
831019
933942
841646
332035
492354
217309
151251
862907
337893
391411
602436
005691
638219
750305
142896
158492
630515
513591
080651
587135
035349
645904
000976
312743
164919
963917
038444
180784
696168
620145
782924
822720
326186
229296
140615
952780
643865
544529
330382
715249
714881
242800
268481
134994
208427
295995
912223
484168
939391
866714
611774
159967
033267
851638
089419
751100
731491
778714
879150
797285
396755
183776
362316
115761
626432
026272
616215
327570
624784
402128
378116
927010
078556
523845
632310
025291
530354
933468
919585
113353
324733
574180
306576
829637
190987
257665
296371
991504
065089
782441
295497
208059
967343
566233
955408
929324
067652
612381
826096
073028
844811
241565
061132
466867
676969
069990
041590
248378
909728
980889
583895
203578
457683
780770
246817
523733
905244
905467
380357
597184
780735
601593
455267
309648
133186
922832
369174
997577
844854
394696
999221
259066
636358
348808
749993
441627
807105
580824
679178
116874
888053
801423
651040
475524
130304
887826
411026
421984
651509
149098
784448
574311
531061
755573
056369
044280
383823
033418
036098
184931
662510
351611
741007
585271
427754
409611
425685
654929
682093
939109
334503
183445
488130
724389
492122
296252
898036
671975
375253
615012
203323
025645
739923
044136
116647
782539
045319
730155
276563
686603
670272
543693
308086
359179
153818
132003
644469
382155
097367
023054
839101
515087
102354
229128
669748
289949
137054
080588
858233
330800
926038
683543
779584
826956
238189
602155
519711
278668
883237
065156
967338
918377
491991
049249
215653
695100
497866
096298
977962
269980
192287
690772
976135
337678
072276
850555
136137
877007
719337
164738
258556
181451
846550
615646
323053
706354
655997
401504
002259
094397
437647
809128
068018
868480
072535
443808
622567
567544
676596
984183
526257
017204
263503
741768
497002
025221
484094
318470
069936
453033
943716
026947
893397
208203
465690
695363
986727
970828
776704
818880
210929
170168
950891
975454
959772
131411
129649
858699
057420
920525
071077
627492
396022
166265
018552
610667
925194
692121
728525
206251
332826
809778
676135
222359
436216
886894
069674
445470
806936
049094
642586
014761
023711
849381
537269
370100
434415
180413
508273
249862
478106
768258
480217
400827
483199
945883
676800
389542
275529
082022
755270
545195
296796
818780
500880
075280
746300
039431
096278
498806
937311
539661
037326
569463
813126
671862
992873
150598
617191
225998
991279
815209
655341
246185
268211
974540
320696
965134
236864
039049
635735
276956
570348
387051
604073
967564
643866
558865
697545
756762
230578
632910
420916
136897
002306
296067
421215
842984
985880
924164
119443
469636
509726
816721
340198
517302
003572
344757
132605
182023
360350
087137
877337
702563
605542
759308
445758
844205
602520
444769
733545
403357
622622
342546
137657
231521
983135
103242
509772
404042
439074
048290
800054
733976
506791
877359
237407
919706
091995
985088
427140
711148
354952
463384
760988
659574
642347
443285
788710
564023
797157
033967
387760
863997
938912
815038
580366
161194
381269
954399
573627
602480
601113
520658
259500
897837
394286
454393
080202
852049
273158
361854
494245
238628
932653
980216
769444
575850
183804
510925
695709
072302
308490
760484
046201
061526
115055
781740
808035
290401
242232
091295
162978
847897
915778
229975
280420
225912
256161
377920
350974
203819
779737
179887
717527
666561
738018
743432
004557
485391
711211
943004
462801
047633
893841
763810
918918
174001
596466
343054
663577
873227
210240
728469
017424
275541
956873
400770
841261
853054
064909
458343
112260
814149
660324
004793
153834
969605
322361
291103
047362
851769
829503
392739
091817
831629
613066
314910
637550
388444
551116
958248
315355
031697
096985
765844
170156
345815
988006
593627
930850
295321
956754
092550
144278
012272
228462
960475
942574
262020
248960
527907
792734
324646
420777
181167
697640
548517
044507
992106
271322
313203
003247
979092
535755
496726
880484
755778
419109
025432
066952
876519
498178
189183
141877
451857
784280
803698
259280
092911
455674
810889
970330
720611
868305
175273
236617
139281
694497
909433
918189
268726
849767
016141
054363
649105
327128
512617
367701
483503
781545
222079
681381
571106
521036
927244
602925
489810
477067
732825
849962
565033
016544
312758
685267
940493
496479
833173
741320
179114
254445
971924
336853
118568
882277
018478
086950
032083
223524
405177
619323
197567
109543
829581
892485
061604
182628
716654
736332
180228
881046
831451
808928
018893
580105
455751
252612
949273
124738
611433
660483
302320
215983
188117
095396
883930
388014
157879
789269
598987
749475
803925
189706
831699
644808
238253
177310
502476
011952
978239
977224
133493
259427
787717
788371
523079
220057
868367
205738
889002
366617
181808
392365
845700
897345
099471
092150
887315
157664
127333
180614
053917
239391
831490
650660
489680
228472
066801
469111
049219
817673
269707
981586
289425
715475
222574
930816
346724
320605
628014
931173
965118
328330
725369
983790
641478
001651
874032
831016
014982
883973
738534
778356
930966
085505
158778
085056
018258
651794
841439
295026
875882
374116
561294
432961
475957
036367
678507
358931
692638
374238
705228
390718
067401
905399
431980
058768
249928
604937
011078
723667
415145
173359
247369
603769
445314
257522
765248
441658
908018
180428
445068
043768
015718
986382
614209
200996
285190
800429
746129
362343
499872
684705
616458
139697
612522
923077
524361
137392
322178
762752
719635
721556
674902
771549
253143
713615
812632
000710
490334
715036
018042
204171
811800
075408
495295
240999
556885
362845
946571
596512
049237
202621
762151
366185
308730
883039
534027
823073
196638
934769
663225
708464
946120
056117
312584
352625
522956
970197
626109
278869
498527
635254
080935
132609
545309
284102
865265
682177
929918
275746
362584
694921
357753
626290
329582
022044
279708
257154
701815
610538
553654
881656
040969
623577
818007
451640
207720
782164
009533
232014
985979
972493
130203
187125
161857
347575
984927
064232
284127
518428
717011
053157
118040
219831
905509
072180
631184
955747
528611
001815
182703
769243
843539
938998
493790
066255
645436
180413
842675
342902
777342
806786
365457
836339
192530
728221
363617
540229
111248
014560
483967
110233
500799
071118
318410
638728
798055
117141
706400
834048
155411
005016
764369
661626
876696
389384
087697
557867
159389
598526
657670
211371
926026
496772
662276
897506
624914
471427
580293
226246
541077
159804
983039
998250
470666
345790
087591
760489
574969
066884
070772
744636
595992
515572
219168
365802
603731
616068
187003
010745
968020
701519
404320
486296
733810
099386
956664
496583
236480
315395
196687
284319
628770
714082
580342
484741
631937
059625
265632
536120
094621
287995
387869
241870
706651
058268
247562
615296
207662
484711
165824
927367
765460
180419
077779
002958
097442
330340
861450
783623
263683
890710
469230
145665
453835
315040
705894
297106
033729
006905
572924
319338
561783
577180
650642
065591
252365
834869
599938
461501
043636
556241
822417
883777
278836
257912
268541
794566
927836
923502
898229
611663
007189
335449
325084
294271
725786
864502
620177
308166
466677
267399
756279
077073
182477
998253
356975
706124
149259
722340
907928
152262
762881
450488
616178
361681
426293
257478
799450
175587
077596
262305
647838
226601
005917
792247
176349
162695
580184
502132
883706
134004
165974
484833
409839
962591
998065
652628
292924
574177
780869
670876
934334
752948
040551
131196
860209
192705
801195
197833
351542
598177
995828
471780
405089
153915
109201
314610
910219
452895
523956
971019
610679
097579
489830
532173
871112
223569
102706
764881
091754
524869
463206
095123
138480
365363
860667
180512
115928
773406
239335
502825
983204
570983
605145
410310
810016
683228
264004
197724
403413
423865
993181
328762
571631
495112
404999
589054
325829
903916
099709
361363
137568
773583
429778
573008
562187
703179
961038
299481
403979
126249
770204
068595
983907
166463
470285
596981
952458
014307
721452
116526
934723
775995
891482
389479
385173
820036
150658
728491
432582
125328
392583
097511
144373
081338
959835
647695
961931
692297
769319
746307
070682
849903
387339
782153
876804
812830
205013
092203
637524
862554
134611
111579
457377
617127
236141
916185
145133
866562
659536
543649
251749
825830
033082
779886
083673
957029
709551
796378
350028
879578
958207
646557
900784
165486
621457
387168
862792
346185
309466
744335
404784
678152
492493
803446
176532
527616
388002
213832
803662
771487
272912
471460
768186
731093
679359
506967
163679
042137
302258
245188
659406
305724
300759
682063
520294
090476
959448
439087
395097
033744
342019
154326
812848
279007
920406
218730
055509
801731
404529
352088
436492
393483
727022
683035
002693
982168
236735
040996
838301
043337
975871
010650
810293
261864
346803
625966
864137
192178
484101
293593
680001
924828
412168
332906
016850
109768
237463
661899
400894
679418
412651
535438
448884
477120
341713
568515
336212
496173
951375
219050
264634
252341
325785
374336
022730
533761
095173
504700
189491
311749
909883
716404
275553
730691
728245
111147
822970
601276
104337
587055
363318
519718
904722
905710
347629
791572
762152
042683
839955
424712
859141
956679
569774
978962
275033
788677
837816
619532
597711
152289
960082
208118
643940
776291
022649
506282
855072
846574
630812
281540
576640
374820
603040
434383
780678
153274
832159
081067
259974
469979
367068
804063
815583
086271
931505
093747
738469
515160
767185
065360
720328
555068
835048
265646
308081
544947
790122
256226
392524
600602
017151
184039
579239
715964
606758
957629
010225
166952
804022
171008
280576
441515
702174
560084
115658
232021
072293
615012
763722
779104
052750
320915
340491
370258
204010
803863
536776
212589
999457
298431
339133
993943
937602
335722
739592
376610
992688
739101
684405
590174
444699
983660
213420
837228
085617
276348
692342
536782
734523
530627
297131
628303
644002
831599
223883
291589
352259
130951
822903
484544
680682
631498
648448
980295
092301
674400
182898
147196
575349
197370
934638
436734
363269
845500
900827
146532
534973
574005
490239
292279
366308
608828
697961
439998
971529
345261
145284
952754
938041
266875
911784
055439
625346
413398
579592
347408
969362
088410
484916
194886
656226
693439
046171
042026
077619
145465
233141
050232
205019
652775
223293
441520
557881
930460
121022
276197
675133
507569
613262
926160
188136
720534
896679
741386
340918
285005
629055
014570
661259
665518
543505
532905
239122
296819
642956
245734
231468
123609
994688
105548
536300
390288
425733
271821
146797
055607
643901
679600
868857
012016
029255
492680
959536
976244
615761
070552
976601
493342
908486
007412
490732
585131
822230
810755
113644
255020
585929
084038
322884
130160
172253
006493
703676
241488
559559
063920
148941
461711
656759
002609
496511
895246
822545
451578
741709
960168
135704
844025
273703
244615
712949
776486
876370
395796
002458
982344
667173
236443
764471
200747
512606
476918
575325
994998
962446
727332
828389
621290
932075
030411
552181
088277
461644
157028
615880
123049
405659
908095
243601
689598
069662
840927
275971
016322
563126
263692
124023
519041
293458
902049
267892
523617
165984
110459
851294
286920
514388
218307
014615
725211
968494
201349
829762
249228
513325
808871
263897
398252
738816
437364
904458
776626
924483
930593
889080
831794
084121
341538
790340
849212
005077
541824
862171
859400
947085
250874
677379
057155
238682
969043
097304
964151
405328
903039
472376
648580
963830
272955
221390
014703
300132
830936
956405
281811
841672
569777
906192
078517
699854
538585
681705
994343
052383
885436
925118
904190
082065
293747
863952
954977
669887
040596
608652
945917
631202
164877
949523
046451
214010
974699
843387
854834
013021
968613
669630
350214
604498
367646
686531
424340
703700
920226
101115
458161
722743
657842
382276
604378
291526
437794
143927
119298
019316
272034
966172
748321
330271
313868
494270
625211
302295
717563
583188
200400
016340
126626
648903
669885
216257
207943
309040
885495
608636
062953
142250
623520
135127
989663
299077
655104
958030
326821
360526
693469
989564
044776
549436
121004
580233
606394
672133
777548
841729
142321
712184
303925
606755
280453
492991
143985
208348
487695
155825
512805
017958
293760
570604
532190
844855
129809
926503
421956
619752
356429
818234
637863
657631
102512
570768
369060
743807
388403
527275
991546
376888
175477
367542
743770
266102
608871
004516
678701
345998
285548
033104
380035
294087
404344
344699
341682
328931
523665
882483
451331
535743
289318
420267
076000
410034
922544
547911
699123
033360
757317
967828
073339
305455
095613
691984
282344
635335
268445
856224
215879
372721
990819
517889
976120
062398
545734
495585
451234
950595
115724
507784
120855
406154
884260
907623
606486
188368
673682
589901
108961
590591
051547
096830
061921
422191
903469
037153
738554
998802
398871
876223
541968
643489
607428
425028
016666
100307
015409
944098
592956
961719
187435
953775
957625
586584
010617
872307
350085
164115
874951
362264
977031
044195
092833
713115
712970
434878
279479
861577
192345
161364
862745
728612
671693
703253
023057
632001
451552
268489
816785
701796
879388
066349
995861
770887
865370
885841
556037
904245
033120
431347
750996
638552
078544
203313
530240
210634
778408
104735
808674
668315
475464
626951
816359
374260
954720
154583
895299
267081
716213
838309
486291
682130
667323
258828
843501
875144
323809
833454
707093
452606
286922
995025
716588
125216
367425
034357
273215
923073
649014
417507
981874
181999
835681
152052
044562
158338
283399
797230
436891
517430
183406
945536
626130
285321
776500
719536
583314
454604
190517
522501
010636
531219
197941
362012
169009
037013
198022
228471
872056
687930
048783
706789
274937
460900
222044
272156
214361
681800
669212
692642
198584
095508
707420
754619
735123
798855
944578
675684
322835
876147
064606
419558
317246
852375
974933
948299
012026
698197
284239
228715
228697
440481
026616
524136
156499
428621
240575
015683
689171
961633
892299
058212
167301
273666
209020
555497
636893
944755
058811
286935
696763
240615
967382
860130
638119
216131
205693
986708
823923
390699
668366
644889
405131
689980
604394
853502
186217
806507
232842
717574
938942
315246
748560
591791
383640
393223
422377
183723
171727
458435
972967
296871
513825
247015
333664
679999
726540
280192
418535
401944
260760
040283
500894
839192
839997
595091
594029
870633
824646
637861
711821
529305
342935
073348
637849
970511
428757
294800
529542
445385
011737
566565
095062
083781
670230
343843
470046
485457
013339
731401
696521
563223
597727
227555
858034
048892
812919
871714
923155
802421
990715
913615
944178
787684
731789
898516
369025
267622
609282
086967
110132
809306
017274
475268
274967
319962
325417
407170
593212
824849
727401
055856
863967
115217
677208
476247
813978
127579
437451
585370
318241
380145
347338
499219
929484
209214
378243
710229
571628
232931
366786
750675
623906
630542
110709
308866
331804
531525
356484
821963
748277
261172
172604
427749
812948
102422
760921
065568
537755
427654
015910
166432
179743
547149
034144
054466
756769
557264
733602
825927
853850
744853
170874
915798
853025
563179
476587
870930
109000
856209
304461
528183
792071
887499
223429
543290
386677
148780
981081
450872
121337
922801
675492
422084
464187
951295
974482
803075
875401
155795
101564
309703
047025
623165
031215
387527
211133
192296
300284
924284
193797
823995
345016
620298
616720
916427
723730
571716
499130
654333
001276
472878
354031
843864
938707
666804
689108
686646
427346
604528
037253
007922
248105
258689
176761
273478
671331
619584
301550
850655
122117
729535
439278
230052
977257
047144
846574
201703
957902
790520
776780
243807
656258
840497
753095
836357
258897
280783
023823
654322
559827
046200
764599
853493
198407
515218
732319
024758
800287
237689
686413
284976
064653
246712
882030
596963
621939
283026
735602
338693
034445
831729
111192
177079
984067
666400
771665
005918
665714
058257
652729
183222
421002
814370
548819
454741
989663
858019
187560
583856
175833
975164
710707
242386
440561
906246
972933
571576
536747
330611
894680
859976
165843
257106
836617
828017
877617
230307
698182
871934
561003
246543
545340
694352
403484
218864
344638
585992
819159
451141
620416
955579
720613
174661
198978
573716
690142
700096
574635
207937
443448
540758
746426
199553
347944
391992
373597
064595
702782
088949
946337
096928
551076
993135
138639
609555
976432
337773
994050
169236
082913
509720
647070
625160
927645
626907
536922
459785
090603
204017
681334
118882
580799
969120
339574
180332
768271
100958
518883
779654
830207
635264
652325
366106
839365
494657
096689
184631
311335
915630
932450
766948
694662
060149
022967
894655
479228
871258
592446
624729
245445
183792
788480
005252
334355
002079
404551
183655
575772
273919
593204
113064
762234
187508
630314
057229
958626
818557
854609
162342
129096
867809
021480
086108
542224
756690
969549
367074
692005
006717
226271
760404
042233
585949
244343
937596
867132
467425
030770
057610
768710
434914
714825
407941
926076
364211
773678
922624
719893
650157
688465
726272
635302
593211
406922
448990
246881
638941
222492
043671
916735
294280
462359
900221
162008
135585
401539
639656
730640
610211
430007
435333
633108
837106
248986
925543
194453
687743
347164
539625
280109
258273
140917
479338
649374
172758
902583
011468
650358
982650
817708
476173
025464
778905
791607
631531
338033
837983
269584
032013
340849
972555
147189
656083
855378
995070
845898
435199
797380
394032
917767
936134
350724
709836
442415
984620
576616
491967
097739
941556
811533
702852
075310
699711
900932
728985
445208
327704
768386
232002
042830
117806
622365
664494
231655
256566
486134
161261
747202
260517
834969
434897
796082
093924
225711
704655
778798
928791
394376
809243
675978
151342
535706
962772
182518
744317
389103
787821
763924
836667
043711
282612
103039
640994
278348
490321
744037
476382
936490
203259
571819
604341
011974
417278
432756
262877
799928
350032
202487
464017
778280
431688
912683
281359
007826
284880
802763
973929
400720
019805
969704
695142
870588
255603
306295
826681
606389
975445
411399
329706
747679
713752
512663
703413
376372
648331
734490
765489
988626
159969
471684
943216
787370
175716
064206
436506
252532
062193
091813
402553
118173
695870
494618
020670
970078
317639
418769
749237
249738
280086
840571
000039
895890
695346
544748
299325
220205
719137
486785
750057
628772
630262
026501
404638
893540
654218
389539
311051
364556
038504
857535
240907
700597
574797
715562
084673
235936
964386
968485
667554
540484
320439
333874
461209
451354
242320
023405
870299
199295
017440
022747
896496
330334
854665
655235
008832
178013
002212
340154
865423
337601
774993
610534
876335
325275
805629
412774
404089
558096
579475
067537
221449
609776
156720
709300
265445
543089
035443
255518
076517
022170
225700
352331
082440
840466
528242
551277
061996
863111
291843
023819
107663
020516
577480
437009
875835
228966
270440
939113
641194
852413
302352
675146
885378
296332
717436
539121
432858
184889
319499
714332
053682
801688
393760
141212
415414
113888
531593
021753
412777
558059
903332
358169
015544
159520
518069
566085
611698
757829
952260
288005
887756
433806
433263
958020
660437
389514
610044
827272
053453
686322
891615
310113
267731
364331
563979
062869
179100
719107
749239
055439
520589
210014
197702
403823
737959
069912
523081
393466
617672
697312
313447
500469
443695
988856
045670
756451
328966
314530
558254
380287
014792
717814
884303
239528
212443
391499
426482
403330
659563
476612
677774
546555
002502
056894
467934
331875
702978
907458
688850
098310
642605
668768
632055
437037
646014
090362
718292
523137
701121
522668
259141
241787
221944
447295
802950
195290
551420
954548
950202
935268
330326
877686
519270
488177
090231
527943
418166
541205
934915
890069
717888
745759
006272
829234
725286
415421
320214
607183
640199
506091
785791
954817
244482
223234
071532
164776
389392
058788
588840
954000
049231
980132
580644
014137
649542
063198
031383
011250
253766
334878
029713
707681
133066
165555
333719
593656
818261
227449
753081
527615
206889
295418
297238
513394
947235
426410
044843
336001
217787
528763
999512
846433
973426
737685
686198
766388
728336
265135
455805
602440
347387
861370
818853
298618
135370
457555
506340
827493
612711
023220
500709
356767
894628
135193
489206
764300
766009
786020
430464
242328
439519
869207
174593
308306
495549
810802
461902
559235
612533
981661
817741
127265
786458
761690
265574
816333
171827
751714
479555
130034
754388
571767
882344
505250
366627
678096
377943
867018
099018
566560
204459
075690
964162
461259
820554
942812
098587
671608
212992
030392
263255
865366
183606
108065
828661
438619
445460
909793
091583
009022
929407
981472
560021
723733
747397
739038
223254
709839
243245
114394
435102
874207
151140
218892
134475
701859
851534
333640
187420
588711
678582
885359
724824
874761
682775
765805
515367
485393
924031
785036
317093
245985
275165
676612
042779
694406
736968
594336
557398
671240
981542
711822
580262
446863
892805
284544
493206
006695
331130
400390
540856
797197
839231
322142
459167
476276
400115
658644
580347
957422
303623
338548
154198
223824
064666
459688
174291
224539
829117
094802
950135
975898
089778
008379
845881
293484
211437
726843
096192
325681
871369
441654
979187
009624
054144
600417
216239
939063
215198
314841
591186
784084
542702
464689
675942
080210
804845
453017
375172
265891
510653
889955
022405
430183
178908
882999
451405
780439
281783
450918
071903
888686
993387
841385
972039
714649
771442
526948
854361
151643
312990
792802
714532
209173
547789
798259
580345
376618
715446
620400
206635
886274
856641
592340
723190
932421
882758
538915
164048
993803
166925
698779
151096
636772
744611
684916
082601
380364
135883
765251
701349
675870
238986
060514
025661
448316
381531
196110
137345
667318
542509
979384
695548
266976
462673
267560
980323
381678
038498
478482
504162
649075
251807
928523
681721
033780
999113
239617
038635
719570
808337
705039
361926
735508
204746
853660
539600
327439
514820
714053
124179
865741
629481
984410
210934
649075
998766
616445
565171
196700
836190
489513
379222
998429
779932
957461
741843
126356
011957
415592
873551
416565
466127
914446
158770
900940
636338
043716
627380
200289
321601
342968
170791
222592
553509
229926
422741
734109
069582
489977
037202
305096
587167
430465
817277
807869
713869
423524
239384
284336
089240
668811
571227
346592
162870
364576
783041
518575
150150
576747
276135
637225
321574
397327
720127
597330
091356
366873
989189
389101
637938
270734
592523
758343
429105
407797
411540
531469
539078
341334
816687
652527
792333
659061
884312
270625
397269
794160
970775
111464
058171
703498
785888
595970
839581
817075
220061
837331
502474
785257
530095
048515
782807
068662
932117
981435
328828
509620
720860
482149
256772
239853
240513
460632
192959
813520
571948
029596
851871
342672
218081
715234
866637
308032
736657
843265
806788
438033
902664
572301
784959
333519
461952
807802
984792
416763
620843
843374
719014
802024
656622
953891
025123
261988
472718
409472
589343
981802
155061
725601
809188
261637
473772
061614
328773
272011
679973
856551
152616
938011
400865
318402
616313
878450
780047
758227
005711
480541
294121
955450
868447
865762
504185
373010
099990
257359
024210
624165
720507
060776
933302
578997
993645
412719
950470
646931
083243
960679
487149
364565
256839
358641
122731
586647
053471
666326
631147
963541
891288
161109
942329
742922
895823
987484
790553
155487
635162
709639
571565
929951
050092
656530
860907
087442
499482
958214
828809
104186
716177
807897
571152
573505
728991
957622
571175
214554
240783
812525
691351
873752
383061
034058
077438
276535
225006
817607
626157
405083
829797
042422
453431
511141
282132
386799
203827
200852
922268
478537
235267
263029
488035
783753
703489
718152
946265
207655
831843
249779
481290
104307
921102
212434
941827
110996
354343
972965
593835
849657
494770
835081
066828
396192
258555
324459
018090
079541
983405
513569
286643
681330
237532
349412
441828
661183
749210
424609
817233
485581
784574
075578
115263
714724
820351
371028
419427
106491
229344
379025
239175
448090
129571
647381
186469
288366
904705
367361
652785
467412
115360
670623
429288
305124
047699
831147
488841
563098
622532
275287
313652
014010
298040
136420
999398
613493
888427
717326
014286
195495
020360
318857
335795
426056
505924
117649
522239
403164
324645
137892
025964
905842
832275
827365
477960
781902
172062
149908
750768
711910
825837
961084
700617
675087
730125
672241
842412
762013
236493
430869
734997
374412
998918
125724
282601
465996
211378
871771
555528
736081
901620
186516
913299
239787
848398
690542
831786
834546
681715
709788
077407
059441
393751
690053
700427
360595
375893
620868
451543
003389
593076
157045
199800
979176
427647
179159
102369
099012
205620
093108
657918
768475
428109
560416
007664
287830
914043
561247
809526
570310
406246
755739
005128
270093
786678
482644
451232
564432
806750
496239
783238
046134
108328
562058
722550
298172
068382
331751
671456
916906
710986
114171
688481
773194
745966
789933
485432
158743
225107
740127
987735
341134
405145
430167
649732
580530
937293
038020
530434
234136
797934
130625
498479
905094
066002
432940
863907
443974
305552
581673
625505
576173
137896
795480
793544
955687
435561
530785
590756
423198
367974
291370
672102
544688
531882
977783
490307
089513
383280
575965
900832
582979
392365
941811
205872
397079
070900
926112
783404
627692
229901
495886
799229
072521
070088
254811
015867
061605
002730
611113
541972
949540
809651
833032
590853
559062
766914
649471
376644
342501
974004
952695
748555
990839
191190
213553
629095
045270
841742
338546
600213
386306
146998
828608
569372
922902
129738
010034
811767
931714
456261
360069
796716
224584
915348
894615
325613
112534
012395
525197
938523
090794
735493
676317
439427
347535
836358
391312
849139
866825
950077
884581
823016
004615
747032
822501
126851
305427
730456
208860
279296
724545
704186
019347
645568
509176
183639
666003
023640
377999
761199
326784
178044
415624
016607
606646
689127
804664
262875
356392
742022
901401
087914
906611
923575
529351
640584
060629
684594
611547
327796
263715
239044
255412
963512
814373
451636
005477
662065
425868
575165
682912
290736
523344
820318
778870
356364
914710
512879
847876
227865
785959
679636
750724
521648
857164
215511
817916
838781
895808
606604
111779
863955
501932
242496
205832
102390
616186
678990
658214
423902
599845
579417
568786
118469
961131
507816
433794
954234
547008
791503
691464
864308
813522
933824
035445
133902
538352
006540
540974
285063
573704
571038
558027
195878
597253
730236
619087
767708
295343
013108
489999
452807
036462
006144
649214
723498
427319
209192
075746
738767
470238
066729
009428
822070
293477
196572
515622
899914
299835
773246
066816
097400
930530
732517
469230
724351
305283
680507
741987
955976
515668
411269
971134
809044
621782
920408
698861
242585
346938
123941
614475
142893
984868
280358
863027
605287
932474
838610
089960
985998
661358
879141
243398
065143
297044
480515
300009
946914
365502
956303
021357
103478
704046
542282
936435
924084
654641
314438
691857
715016
242905
839122
038396
094798
015142
139962
360257
256601
264770
383203
238792
317681
728746
184050
968343
338389
757270
093757
999853
546516
626599
443255
275823
770822
432695
470879
006119
237042
292341
871698
676856
400837
047380
595080
678690
437533
310725
586208
237673
955944
336863
984002
077903
232343
488448
162406
721159
632499
776418
618374
311623
284579
487645
297932
790532
092423
784347
410589
805932
625784
596815
950960
910022
117565
269905
774190
295070
777791
141062
970616
533244
139648
514005
679907
330136
716296
472773
606624
981937
031804
406894
304567
364432
541833
575070
312016
673822
629984
427541
127748
848230
621423
269889
024464
945254
692124
664276
199715
974839
028322
731279
141674
253805
492427
050106
873941
903835
978373
064911
949807
874305
764869
723182
644302
895456
754898
072172
693472
458785
352390
860761
110968
799264
657893
003243
577966
407477
412691
792924
561426
648050
183195
201145
012651
662810
974398
124479
906948
628373
801706
540052
797097
983205
074192
057772
378878
306262
448754
550590
461610
838626
793898
838443
372573
773224
627926
997372
064014
228770
904263
203257
615846
953789
145646
263410
453872
084915
295759
156153
517890
282884
109208
351989
892169
762047
948542
942169
383253
243630
863478
307321
099100
023813
751689
645205
886890
803059
686325
876835
506481
369364
182764
150639
862832
091035
547937
355351
592313
744534
523419
438589
500162
038251
658942
039040
961975
142196
666125
580597
763364
552293
551453
909985
668908
571607
379069
426976
046073
734028
499545
011425
758325
746835
395184
740650
535799
421352
945718
074226
821994
084930
747582
896837
334982
251062
872245
490478
885496
984842
434817
620923
557493
615569
574505
144078
946205
534332
717205
290127
194520
373118
681563
593364
260359
947361
962998
616829
078283
127812
233252
008494
119416
786176
780715
396131
966796
039097
402796
347403
592886
409086
707765
697827
002630
905839
162245
780408
167760
204673
194608
690531
572576
560994
207821
178964
054573
115067
914627
395741
905739
873653
403499
992514
837858
222632
098409
517017
922870
959979
188028
395267
145424
587817
517986
878508
593570
681961
496607
549794
293552
942994
091603
095535
706362
181760
852314
597734
289758
017806
915878
956001
264901
011901
964259
424006
839378
908339
265555
391436
180266
425189
335251
082339
515855
662068
064377
811903
947229
846557
846333
780169
193838
486927
872609
057897
595878
674623
162955
613381
386187
279483
464274
585978
305647
393861
377094
872069
624382
728693
182968
405916
522491
126795
649057
619994
629508
023246
993829
120911
879484
848430
279792
286149
810080
105322
526776
102505
389338
932770
995669
034790
689684
035405
691967
215269
065132
676917
565447
822373
425338
665300
591447
879379
136476
515166
279638
250205
409711
265778
787471
372679
312102
910989
095051
604350
213767
728784
130879
655307
518299
411929
852782
786021
868383
715930
142002
943323
380934
176519
137857
753109
086259
346473
784841
102238
304469
730754
755493
866375
971121
276509
606310
169069
379870
051856
894447
079746
878140
520148
698889
245005
519780
332126
473115
046547
726987
801591
126299
553178
678006
727044
000743
453130
480072
410500
694030
430473
101431
285408
597898
700791
265867
452169
057094
706924
762268
162145
916623
465981
326846
461048
836525
512451
217856
860168
627861
536711
222052
794977
010055
364352
026662
945854
494639
732377
147879
599029
425468
754769
324945
119020
263502
744360
061035
954057
067986
865249
663089
286048
751156
765675
507036
068254
207805
777879
962401
581241
790971
880355
754940
391053
917019
110818
340054
237222
047304
165996
854962
871849
503715
356729
335447
134317
830464
206629
498491
049275
780006
346992
519810
979321
359781
965351
294059
082449
377789
451616
079326
133503
173315
567914
743425
915704
821824
364462
380876
072535
051306
763797
210767
872041
278069
265309
966297
131070
466831
348088
549637
146309
354239
578974
898854
470914
733267
894799
543272
610572
042708
287131
133066
867952
907715
839870
416642
640940
624183
393972
362130
971420
867811
657290
906575
843875
028846
166112
384345
894475
695185
351109
955065
747193
634320
813626
322479
963961
292602
499141
056549
661901
632524
199484
206705
652849
963547
872408
793689
440684
121719
217502
231904
376710
513683
778459
315380
333610
325397
312727
523612
284180
227609
751001
202614
240741
093140
803277
970995
734486
100965
300758
735978
225948
498974
009456
038441
109762
781752
470356
858069
476894
669527
701821
539337
583480
457097
089936
707562
658749
707668
111527
037510
309637
839117
917154
883420
268605
907427
158954
191477
314107
271384
370154
209970
726332
537647
256886
655576
622857
432199
680614
949551
657460
524446
061446
444851
662517
977467
429446
963995
579856
041883
135187
927402
005921
212139
131377
618374
129976
082211
218661
397441
099249
477265
966952
383948
242034
099575
485719
369015
607853
622262
760277
576409
304588
385434
093233
502141
732102
229322
908903
801211
225033
333667
599177
324929
827892
023969
530723
422311
390362
662595
976191
151694
616830
857784
679661
790782
658621
712246
409909
500409
660504
610881
384671
113385
054419
433747
398649
203820
760366
513533
700766
064056
196917
399815
908983
825368
475872
835160
951125
626104
582158
249916
445354
373222
045631
988903
161731
730841
951085
344006
655762
270124
151173
453330
411725
237210
606475
504581
942803
258557
001326
705302
883571
297556
887011
197382
292023
796656
879464
702436
987204
634480
416281
275698
007898
290823
155090
296738
614097
776407
584201
155411
618892
691033
465004
618557
637442
825848
393304
977176
716066
239067
113944
487828
110237
607517
919603
575695
305567
075467
301089
355308
560923
663706
892725
947595
218024
452833
680221
355923
588138
250631
242860
359136
095376
949906
059596
924880
853545
323982
251135
543774
467735
174357
993029
015976
163862
225142
140768
851313
737861
047051
674814
468025
998547
563059
248566
416491
939144
875548
930920
190390
219691
985655
129219
166122
433488
416519
257422
821288
432101
161110
177800
172804
996512
830385
405837
188293
866588
255781
588926
566767
880601
020961
966005
576073
836694
857508
723506
799805
296248
509458
359523
867437
101990
870601
247802
632595
053441
776558
834509
720412
868194
628389
771272
189804
780887
576094
480337
044928
497759
289667
075546
422885
916080
138813
073140
622402
263833
137507
742500
178677
981136
666341
898302
055351
782999
613181
897957
592983
922665
261603
532577
877276
311488
533659
168535
326024
901295
556153
701197
285089
902301
482290
100977
260060
298756
368963
119506
635648
980108
810142
603609
166502
816740
806032
287235
645967
423106
900551
886527
744486
287781
411884
359129
256103
366671
202198
326116
884577
415021
475850
578237
068440
753650
178958
123518
168126
367673
157594
074317
334226
857563
642830
570027
166969
974560
648727
860847
150298
437748
037815
127434
397527
159676
323222
704960
914867
970402
438507
050766
292819
670071
176363
361555
533837
320163
716245
920301
493261
173039
437373
189694
306821
320317
706307
363515
974013
261644
860578
089447
430072
116778
971670
692007
279651
714694
547584
201874
502546
861781
764646
652867
537594
527903
515873
797865
676148
722241
255144
677541
206865
141479
704689
740797
195937
405385
092602
438210
788541
112954
805325
705483
099006
575229
687829
689628
924070
148173
989558
401567
697417
043983
025627
834522
868987
155440
293031
658958
668367
121435
897943
018374
002913
152688
285925
968167
463583
261879
760535
266139
946074
459075
802835
120912
240323
288160
230596
714108
395823
033640
896212
412097
929862
535666
319805
000150
873030
241987
760111
858746
646726
918953
410647
218233
334777
460354
293223
906799
852189
497262
617516
935890
404816
765956
620526
881456
781598
524367
966083
894617
578468
604295
113835
830265
833467
266894
452284
046494
566334
622690
154875
395694
777796
105919
204779
089606
332307
385558
876836
654061
291728
698863
980346
367147
665467
506743
300490
852149
385145
326962
718188
623356
788333
530339
959268
667972
299013
605701
541798
284720
222344
544513
076837
192438
777269
748626
069362
970072
492718
592067
973353
419588
937578
775054
421906
973916
985565
194038
667216
065659
382569
612260
462347
407941
492453
112724
288004
800405
766140
757137
345267
196505
505745
330144
745218
921180
938979
002997
374230
325996
012441
890352
520052
547122
531920
064889
671333
709827
509910
670789
628156
366081
210070
636917
537732
695378
450131
449972
841906
529972
010777
303969
588444
789725
246722
991240
944701
473079
775721
480330
328748
826512
609683
709439
726237
449156
891968
949301
711888
336417
409299
494645
209752
480425
778994
685208
115071
708663
904714
219429
036697
823677
492025
006860
220209
993092
418300
674711
433457
080124
689342
283921
660640
310628
536334
781462
149371
434306
160407
687035
963427
913373
393011
643807
842200
604768
985415
675763
970812
467643
009533
498275
864260
305515
325588
852649
908627
568661
211596
868896
960623
888866
021813
752652
921946
312136
199721
835210
167882
257684
532805
861659
455447
078361
892173
569494
220673
432303
194210
105701
730055
771417
611887
516217
628918
332075
633704
570734
188723
363174
124999
653783
349645
281595
855919
937121
594609
378205
489632
892703
998025
553993
588474
459893
984073
334428
320692
117942
346017
545186
847229
148166
785849
942616
670913
384530
468432
362288
037851
002380
862895
652888
050932
662706
489692
302625
360568
582235
172948
902715
184407
261778
234055
888183
156069
461768
228873
730204
838658
256998
370039
581282
524335
292169
117170
595059
998094
908527
939717
417846
795961
539091
341897
632174
114188
212229
336392
688271
047025
096442
423953
383810
357036
721474
015237
427902
226523
623740
233616
948049
160386
833278
430810
764053
254374
956461
240736
307375
981093
035922
125179
434508
223895
289916
079219
805829
557396
721950
469955
192177
467761
444398
163582
315173
177032
003898
788888
145691
526415
171959
688805
671178
879763
584866
108031
654902
463554
646251
810748
714472
424128
727217
536490
645669
048343
291080
506958
264698
124504
434276
647598
169446
714601
918623
827369
698638
573047
302513
289813
070970
605087
808283
855452
481630
254829
631997
889895
228959
902913
394908
465644
378382
408985
035304
763346
603507
746465
258877
967568
736054
573253
599556
364027
994487
509559
531646
305293
584060
187029
656154
622182
981890
885624
540888
776551
602755
120886
165695
653632
815438
073448
529233
815983
749591
765794
821752
869038
571292
714353
837830
321740
871327
659006
248513
957435
997094
655081
861450
410202
576203
048717
278110
405103
657877
188308
516721
493598
495255
688065
622392
331992
194479
380672
108907
022338
017214
577862
305529
290477
581876
495851
098620
870536
415811
189611
709473
079179
748211
527688
422595
245537
962663
944748
766360
948994
488671
096494
745842
843368
538277
590904
033765
273225
990593
619913
536453
061456
774249
508082
032886
654369
637409
020216
947708
755406
769424
263982
245082
361128
245584
058839
572346
492213
135586
593297
503708
452052
362877
239430
091049
403305
104966
210701
165003
060938
514786
119357
821993
204150
703196
483923
229718
308452
517685
406267
894521
324043
699038
036233
393997
790235
782008
312342
417719
490745
063208
547966
444247
319307
566515
798220
909289
837664
969552
133786
208751
030625
705481
533394
424999
195479
171054
791581
390378
586294
352308
369664
470515
761971
627866
322251
020073
903564
223786
334180
532979
232414
137848
211490
299871
291885
113162
121720
226019
782774
429182
015844
796465
835751
210593
411087
470651
475840
181115
013593
288929
929309
046307
120944
014875
472559
348890
148032
266321
834882
668690
122368
335631
469206
708022
090981
822718
127668
607915
468618
928260
226153
916716
316588
585198
121571
751785
695873
826712
234190
208333
582812
286499
604814
773298
735604
859419
695884
649477
477066
346361
449775
112463
577613
594412
168880
360118
602308
754318
658467
610406
376355
574428
288306
747123
428066
345220
015661
771217
659244
838642
410312
317491
442731
070769
182518
949699
863561
078236
874125
595828
971488
458650
170531
328078
667674
382649
090450
022658
197522
585122
089200
116053
405712
460458
765517
711662
991261
608821
408399
855474
084536
870221
435134
026731
590722
333967
691593
300621
372384
616813
807787
584551
726495
585781
794012
392726
271087
957398
605687
742870
313435
425772
762263
416822
089123
760539
040007
702100
055602
262443
736834
624956
306627
400461
092108
874746
746679
589400
587893
995592
334735
530358
881488
171611
294520
920724
896522
348976
454444
828290
541976
839304
542722
723362
673561
968736
116295
960640
809075
020591
998802
603649
658504
538641
750331
541653
593849
170781
902214
858453
407797
415147
712053
325218
794805
170099
979476
053525
144427
880041
974192
693530
676979
797766
575230
349439
344653
743486
396847
495934
724426
889922
342359
413876
130442
472165
475943
843473
724536
121399
297400
340425
349307
149273
079018
376097
277618
430257
579095
409482
248818
418839
672308
898143
907051
419990
460072
534070
912436
218092
562469
091589
022268
041398
463656
782707
252491
403774
040420
935946
656304
450395
025991
383352
339521
423035
124644
791965
920731
069340
923953
261751
398063
698709
439115
598729
176529
908837
315474
374088
300132
583160
935926
313671
256290
088063
694116
529489
081640
836189
841147
641063
525529
108124
459599
332679
206300
419537
243981
864268
086025
154539
158045
193606
193129
491576
504675
304155
687792
924222
642822
832343
244150
187225
933112
881906
537975
182257
392991
173447
612609
251618
525735
962975
374918
053406
585487
860021
370916
251920
626842
356653
814412
232002
054907
408750
490263
075641
738977
693883
105040
808295
890279
992355
018356
213170
950370
526194
945377
849047
589211
982461
854995
275929
634624
032694
608988
436120
686200
052740
895269
387394
197832
676851
109540
784260
277473
546565
126745
949312
959971
435790
618268
311165
657656
649511
444916
440983
601243
578813
012211
571710
988301
371118
587335
322892
351017
010174
317389
490711
574930
615989
288722
620518
181535
874066
440708
803903
320847
939280
186222
962313
994599
297177
581629
514651
867927
230635
581903
170248
860163
046987
242870
421991
952902
313053
077198
864247
787932
563871
110146
807179
802956
227514
107595
178918
088805
323603
491403
994373
617680
505773
594187
398399
947797
127921
610719
009477
170634
455944
831143
213420
724126
676273
260157
709605
903580
035283
723715
113671
582598
869104
100507
251810
674873
370368
872966
194684
700131
937018
567847
325381
012041
840743
309963
490717
025516
987805
025341
948813
383669
241040
099296
891605
127065
526442
385934
233528
913722
166157
075874
290691
971851
123896
742748
970966
519065
090776
016991
973886
390980
538630
116480
340547
493146
071989
130402
370414
887253
147584
497392
801014
175492
336284
858810
280037
605476
370361
951604
875996
779825
613861
514988
824971
164732
068075
297057
554081
947562
471045
030323
961760
773812
530283
959037
681937
903339
863180
586386
070909
398939
202818
759429
073138
097559
719779
805995
381195
623578
042414
609117
987239
802369
766706
416680
295104
561362
072444
710573
656960
181809
183494
086711
413253
535700
725293
433359
382721
512749
300017
228288
868803
559816
465503
160734
022427
706819
385781
308270
701840
581755
380385
743809
257421
670944
811351
734751
828818
442663
248242
695781
391260
928818
604152
052783
851581
610939
718644
357834
920578
256885
467616
364422
201059
657174
555723
983098
250393
518287
157446
499619
587717
699251
521216
712113
165662
788236
556281
437152
508823
679287
552900
509943
097511
254525
491883
579720
861948
471585
613503
545496
960003
408902
058630
826232
917909
243654
937810
479161
093868
445646
092323
155605
479386
103891
897960
002332
752118
125323
987949
342337
920116
818410
243683
628699
277924
396352
441751
270492
882263
612725
814101
426449
473288
856044
876043
838702
424580
248447
496666
189909
504842
736175
026451
656813
821137
552665
443268
701792
557108
584835
485101
057345
248297
298025
916332
408752
856572
714496
490148
377096
339482
999268
913093
824177
310466
681520
868473
529674
987625
066299
101285
783372
494987
277474
891218
702865
498388
128336
227364
940680
479267
435594
057183
697213
206262
949706
758254
713174
414601
071114
075556
714987
309283
342407
768480
810485
201756
642506
518070
721797
868828
953158
453474
862564
314200
842779
065956
428514
654272
157269
600398
802888
372596
729652
951726
074003
260495
118756
163547
760334
858492
266840
312121
457674
848632
132569
217739
111227
221010
994908
546026
461159
506565
179709
165246
365398
272913
209857
918419
272527
686616
964437
446659
902452
657225
758493
506375
558058
201551
472659
063551
697101
230963
805355
260700
002005
610750
415987
045576
250732
090073
496196
883436
288025
353038
123997
229039
130255
493589
069953
346468
568230
014787
519116
427177
617530
433347
620051
624330
058779
017517
786193
291354
093117
970416
083554
428182
441258
509528
952097
281696
919200
157358
688385
770838
368448
222159
975638
168759
775188
602460
287274
724813
612940
737601
298157
654742
874446
742589
041482
377784
620317
777469
241845
009931
633204
820586
672509
394359
238147
504688
061785
155769
006138
918013
840182
375870
521239
379049
460837
912146
736260
774363
338003
006890
106039
497612
595759
045841
692714
742648
059867
661530
623939
658378
210813
990351
561623
771396
943958
076931
901951
431876
623500
169702
677183
853416
412224
771855
140730
761529
879942
382450
652266
842257
357366
611790
336476
268118
366819
842432
178866
928331
609923
623135
369207
966062
678540
981689
669993
098834
478056
169836
133029
226666
537453
102210
922515
460293
613729
923664
883446
556634
337811
901038
520719
642012
526032
341486
955432
655379
488710
689727
274279
287270
406265
589035
474295
110820
348222
970171
507454
224598
033515
620849
636336
785005
029407
679121
653766
443525
289142
776318
779386
668647
341227
818462
337422
329052
354239
245296
983632
590896
960405
315939
643228
762959
075596
934624
391635
780073
913187
530251
156291
206083
147421
961778
767393
323691
071107
367834
175911
470691
143233
069936
231245
081784
781456
125058
851812
672975
889271
934877
171238
787413
785137
899392
820757
820008
865403
607939
147652
120987
320238
558584
728532
684747
123638
276601
345620
905520
130501
420624
213702
204511
708314
171057
986087
281981
157451
412729
131056
059610
897486
217870
009625
014792
515960
631006
629256
941401
317075
411415
461265
539436
000523
940587
058546
128064
142522
371646
743289
706539
235698
716277
796605
399740
956780
268386
174575
473948
257980
257066
893753
537341
718727
925085
319199
762634
873848
812835
948012
231050
808556
426502
309041
933355
122206
676611
854177
018301
922572
465092
970167
346718
531677
779519
799867
537039
641564
441837
967135
674858
928859
435676
450018
448417
971618
562967
165896
177650
462368
431126
412720
490010
271540
152234
568269
977426
849931
885782
543604
000323
597683
539429
058814
342307
066116
940752
730577
780703
947610
951428
655038
340042
328765
175425
298703
727218
307331
082505
949330
195249
523827
432530
335051
295715
556002
698359
858748
789713
391806
143033
539944
498072
127059
805948
605121
876665
113123
879222
411503
140605
233799
815049
242052
245844
246935
036640
748416
696517
571119
111442
847174
649171
289150
905312
952919
579510
798357
840354
791721
031958
004228
444647
708427
994269
168297
775197
623422
204112
981139
820053
561805
430459
848981
219202
517840
572216
397805
795813
273470
713328
500648
207104
121749
349105
556084
304818
157410
260372
611846
613338
304441
747339
691115
376483
601081
516370
493564
368541
146372
951302
104187
675399
499796
688446
033393
637411
390566
488696
155657
768724
802936
828356
791167
049107
466536
108573
859472
382297
450421
248570
556538
951352
799158
307614
093049
057230
798054
954392
892835
908907
407849
687657
991256
598963
930141
038683
015668
833303
862417
912705
752800
694061
164463
293381
775247
039961
319121
718612
867005
187354
318990
266668
284370
383080
863494
703207
794433
277908
100889
337701
012960
699488
314572
921115
837276
962127
809591
055286
102428
259160
575493
900918
518955
493830
800224
692472
629738
316633
826141
715726
226152
194774
652772
359221
192038
892960
991424
537807
024552
971248
084344
807882
126933
301206
094823
345758
939113
818171
837040
168751
597423
576457
451660
657781
202744
058885
948503
632784
161648
348389
853274
274244
440258
377728
987558
863209
312290
402646
524157
370310
513731
581461
543545
032255
691645
256344
308341
126592
718712
140753
798384
757561
010915
068805
468319
370529
247440
713089
513609
644437
158726
117502
130709
746703
755646
874346
336948
994535
983924
935574
554244
321174
739264
125467
668044
165344
080405
673100
777363
180736
203189
897745
830927
440246
585048
843886
057339
019957
001822
594900
917010
909713
694123
623064
087310
189683
545548
320450
474989
508500
869955
298630
835697
385544
876530
541996
050551
208566
931969
425162
643233
861938
921222
123618
481825
096294
139880
494818
207384
018180
184755
193447
826312
682054
219792
588392
664967
101594
407323
602193
021491
684442
584987
485967
575552
406016
980430
257101
026594
699387
062399
946571
109696
108256
296363
423096
395000
729912
977412
014742
103660
480507
867514
785605
665162
280288
927956
561425
974867
698037
020284
357207
401352
865816
744130
165784
243306
379937
316837
910849
590498
376621
108738
039815
559191
303963
988511
411401
328478
120147
897419
908551
614647
922564
879250
303917
701677
156683
528157
201897
838148
372075
549038
381436
628542
319920
124639
381531
977283
338970
353901
441776
546910
784114
532213
553852
441782
889384
032891
020066
254475
679086
944633
122766
210010
559464
299038
839064
146782
112113
388077
629050
423509
205553
191301
027131
781897
267427
953244
465165
076618
907939
016810
282013
629033
121675
483172
429597
040910
537501
870143
840416
737246
948943
796283
920142
951253
134306
723171
552003
180016
771487
545108
168625
975862
510729
192503
593640
679518
596255
400960
297843
829210
851551
491330
453170
111536
943974
478445
841374
569930
672763
101194
810678
200608
007243
422052
065231
481707
996231
032307
218378
966699
956587
755130
811750
924639
169692
333622
409461
951367
447642
255750
587434
487043
165120
054322
071632
393163
570767
964438
220465
338037
388507
845515
741910
286089
146944
560960
002421
952207
606197
487514
412789
686462
203654
704132
681195
843457
066939
003563
199533
283553
662791
242488
618267
901297
210353
101646
773558
933972
858964
145055
074892
706749
651493
339810
920435
611230
188319
148032
833494
387084
668233
771383
044778
339155
062092
442365
109228
415706
066630
063407
078569
898725
544435
796737
254131
886911
925785
939176
036451
562491
840877
906578
928914
847913
751849
851275
158202
633197
616687
959262
602269
657145
203521
406488
843483
003515
937513
751625
976629
994300
044401
171460
987575
732798
044867
102613
810494
801467
198130
254969
320248
476530
339193
074066
392971
856245
384999
641819
373590
979097
319064
083111
117147
338929
058671
964970
730465
207122
244600
759797
768609
347101
142229
690262
825576
300399
041579
970466
797933
722653
919190
831270
065420
963603
682890
635288
397855
771731
619018
997359
707090
024501
901201
034981
634780
218192
702547
586955
440023
270573
856247
578177
948646
287897
386640
346930
210795
083821
192018
497354
009503
966870
807757
573276
708508
125520
611304
931722
431456
712066
480149
890096
784238
646695
377384
092629
180242
210097
919292
995116
793409
505315
605188
875942
408856
623085
741212
385699
008096
639605
490340
965731
780126
896797
392606
344231
566273
334054
145977
079471
009357
878536
974744
090279
897733
886866
452915
072934
461688
591661
260185
811280
997857
205484
226522
209085
955320
950816
502245
062437
018652
156508
044268
715955
668551
381129
773437
468858
508478
717774
905608
404832
702018
234769
326475
011386
527506
460428
449329
267701
786859
522869
049721
296777
791825
187336
650060
532211
545039
808674
794963
006059
692078
954526
122478
732534
769214
721506
100270
710101
160545
446824
231488
503700
043553
899611
412232
192784
680213
419986
471997
400120
636224
609035
991963
025273
204826
844889
531131
942891
863123
845833
191717
727724
732840
661077
878410
311894
366038
027363
500756
082392
306560
851508
249274
557826
640175
310389
976007
356668
356616
785908
166934
934615
558068
698564
599430
828575
903872
709828
292700
079630
169174
921146
001747
093524
162631
158294
369137
712386
085887
872542
243522
333374
668283
102413
897385
307464
882977
251588
845964
080138
895632
241905
676067
085282
631665
819749
192311
859103
412055
991259
063621
930390
973729
402257
797405
304006
707256
944920
376963
159233
778171
538093
191175
425236
656242
892512
230246
770116
486437
795188
494204
789414
102927
378184
897383
274209
139417
774457
592668
729398
404352
219726
745125
353151
993250
539042
043739
893164
398435
350089
387457
206927
173323
449601
567659
324070
210956
061432
411345
794957
865369
665085
031019
347901
974644
184701
782626
142642
312788
181974
133518
821419
974066
930218
231644
942669
933365
511801
659985
262546
591103
945212
653650
343253
402094
487106
665062
436651
930564
536299
357236
745671
014163
625937
626306
958634
346339
515928
998237
830274
788062
386396
144721
860777
691192
444835
490914
700221
385361
527464
392143
614957
244026
040948
115666
749555
791718
021939
221811
376002
714649
173014
116396
484012
997608
375873
607275
547529
478652
497458
713150
270497
434764
426708
224872
599531
315331
042528
794729
831050
033771
491549
271655
980943
940647
025758
833716
047115
947914
737119
652227
057783
538711
540149
401711
855917
435138
018955
560940
640307
458508
843748
330216
270399
900748
648087
945314
488857
661171
387365
856855
293063
957653
697178
915917
403916
658608
411260
379600
557636
728517
684070
075922
606586
321624
748270
441525
308185
986509
503597
259880
434896
100345
063744
878042
745818
586722
780368
471348
127087
002111
836713
330414
643913
955899
838473
897877
239522
524337
858469
317203
976760
863566
635170
528060
434182
346011
206810
243480
979453
151775
610312
978680
216689
608384
038329
063755
250674
626285
629463
749428
502005
738631
213835
350927
147841
588826
128749
867850
388316
775744
574098
762588
875737
735442
485000
800400
737361
749611
158523
529610
972285
220296
952129
285423
835299
606607
492767
866325
629506
957818
248068
788161
679067
574465
644142
700548
780466
839740
507843
850578
336375
754242
213163
210268
525522
820226
419842
602364
592430
933460
059429
113642
113636
920876
611077
259719
686721
005402
692024
174329
010528
050401
789588
501718
414552
608747
382805
789684
906566
890719
919716
929064
972126
525338
189221
406201
435709
517958
212485
248375
683350
884248
585048
632021
933419
364386
657172
733123
554694
534709
716760
138074
711539
860020
226334
636718
782228
412960
930674
808830
451578
663843
582569
507154
249292
475410
982668
763061
302203
325153
386106
804386
735740
060723
354034
794717
143739
206903
765341
927707
077119
987248
672273
863758
809035
712301
406913
196964
271906
162349
618901
380676
130875
116209
407799
264999
569281
164678
329779
386388
092444
664213
890531
562514
876462
209404
207696
547859
194966
163578
699732
049000
774441
477938
134421
814452
767516
798957
387758
036636
353500
756630
814870
235786
132651
368555
655869
378395
973428
850668
723778
928198
587551
400163
757266
315439
991913
307550
997927
819000
305713
056537
975439
906143
587144
577896
958805
840435
676322
059751
702401
948226
365012
708628
563324
885568
464132
481606
533998
277931
770817
315586
571190
370286
350070
803068
081119
435874
874709
076506
589714
138756
143458
038097
056293
578111
999120
742154
294602
714744
883891
855262
814997
745889
022534
526027
394631
206107
034195
213189
170452
720465
939511
918185
465457
797335
521614
904583
845270
504755
656324
463793
203161
254296
283739
693000
113548
255908
892917
765619
590609
149746
562340
213638
024936
039628
095776
149656
856383
147613
277118
587138
496672
427458
109374
359654
596084
950219
521610
894058
981197
271432
136742
805947
604718
194986
344638
820165
595065
459592
420364
496966
307101
648220
326201
331705
250030
789161
578446
641523
076559
408009
860102
545310
575811
949765
685465
924809
106418
325461
146387
216286
555328
585357
670503
655162
088764
326522
740696
427511
149827
360961
154990
375505
241950
013439
497915
094724
993343
229285
802084
455204
384739
892177
194781
451819
371216
384544
795114
258830
155991
906141
332642
780319
067568
319747
531304
363727
665114
979853
845952
448589
241993
635905
410975
147371
199605
883039
676815
315484
434530
651054
539183
809563
059991
684708
508505
603139
475073
281338
501036
364750
390245
880604
131343
664174
847354
887234
088825
225545
344562
072535
100713
394170
320191
703934
162252
185670
365987
354567
811208
378484
378301
699768
819658
591933
828722
589080
499797
756746
206711
415437
236813
886577
201462
862484
331309
689408
730318
412472
652060
567022
027201
002986
930926
896566
039514
528931
518648
252270
751923
532134
183419
355867
438411
233141
703157
450109
641841
991527
189761
590927
550116
872502
629143
260267
864339
825190
962456
618698
552004
811198
633651
106041
786891
396237
892434
842651
103615
989164
761040
437795
993937
777036
319278
763677
804947
509669
496435
915844
017571
749185
949500
558320
088884
789272
496090
142414
625364
823311
477929
191897
558333
171782
087463
283980
952217
221682
885122
222672
653979
870630
549804
254751
696652
637050
716865
841496
153171
403103
602874
044893
995457
442897
619943
329254
194841
745683
724383
298771
353312
240751
939481
058018
930839
604996
444853
875811
933924
149245
875470
382809
875821
906509
988656
061189
921897
520582
203566
124154
029085
153700
437767
892526
789244
384725
595495
596665
148474
862737
559753
922592
995644
814536
920081
357632
778679
417429
343252
589776
274226
782413
787839
516440
313387
556976
008679
184732
991409
663535
470513
399372
077665
063779
199463
030973
089072
723150
083415
921761
564133
544319
289975
751075
363478
135558
708545
538478
193388
063122
091138
650288
523571
976665
120011
549473
398086
729953
007476
700896
852862
382628
173690
292315
180684
006090
568780
107529
272897
346377
361502
162635
588577
399675
946230
791582
442250
412098
761701
992603
367522
179000
524444
619576
445594
665876
064611
645389
520832
489586
013613
028938
745039
321153
667564
749585
920623
559206
186830
342305
402040
712325
180185
294673
824960
108900
105880
106057
273558
297655
272375
837392
847922
565986
764350
752310
063285
720613
905118
257748
462875
577318
080457
797564
745183
481957
843320
261188
712285
945131
297241
266947
490923
572482
325785
832966
002227
041516
884024
083331
804684
220439
297131
368550
161392
967091
964960
196110
699573
599290
368788
995660
916675
380590
879209
422289
686633
661908
194597
563102
481607
029084
167273
076513
213684
610941
833311
575777
690195
858426
465306
254448
369868
761033
558525
522360
467152
110000
304123
773991
239641
475587
073794
731170
976554
864633
206964
327251
812027
828232
298567
773612
101445
739246
083890
246522
153484
734135
411777
104807
599731
799794
279391
834738
692153
352071
903830
879862
777195
949912
475822
544075
657586
463579
894498
396546
064910
763141
991856
870620
389228
141137
728566
596423
034224
155187
134832
761371
455296
554647
707629
905684
264092
071616
906721
704955
675798
918090
681610
513825
986113
971449
607256
292062
601668
887730
633349
002958
828365
395204
837032
606976
943343
507857
509966
369643
434128
162306
116874
445860
567365
159999
389472
265866
320695
332658
682748
066230
803953
132692
064762
141052
857693
807982
008253
884789
396111
681550
169655
784404
924199
597527
962890
287872
798439
982726
882393
161708
730174
182193
153087
017473
086633
586584
272608
662678
659727
771796
708866
504438
584982
148255
635332
034369
537739
006883
849097
778776
198887
837286
462119
232529
171982
252194
169603
920318
767752
969225
901937
886889
530417
014451
441508
092755
419585
648405
848728
397707
287428
766518
742862
284779
883106
377821
010934
500157
267978
596277
381445
